UK Minimum Temperature (Degrees C)
Areal series, starting from 1910
Allowances have been made for topographic, coastal and urban effects where relationships are found to exist.
Seasons: Winter=Dec-Feb, Spring=Mar-May, Summer=June-Aug, Autumn=Sept-Nov. (Winter: Year refers to Jan/Feb).
Monthly values are ranked and displayed to 1 dp and seasonal/annual values to 2 dp. Where values are equal, rankings are based in order of year descending.
Data are provisional from January 2018 & Winter 2018. Last updated 03/01/2019

     JA  Yea     FE  Yea     MA  Yea     AP  Yea     MA  Yea     JU  Yea     JU  Yea     AU  Yea    SEP  Yea     OC  Yea     NO  Yea     DE  Yea     WI  Yea     SP  Yea     SU  Yea     AU  Yea     AN  Year
    3.6 1916    3.8 1998    4.7 1957    5.7 2011    7.6 2008   10.6 2017   12.5 2006   12.7 1997   11.3 2006    9.4 2001    6.4 1994    5.2 2015   3.03 1989   5.17 2014  11.34 2003   7.97 2011   6.30 2014
    3.2 2007    3.1 1990    4.2 1938    5.3 2014    7.5 2017   10.1 2016   12.1 2003   12.2 2004   11.0 2016    8.8 2005    5.8 2011    4.8 1934   2.79 2007   5.00 2017  11.14 2006   7.95 2006   6.11 2006
    3.1 1989    3.0 1961    3.8 1990    5.3 2007    7.5 1999   10.1 2003   12.1 1983   11.9 1975   10.5 1949    8.5 2006    5.3 2015    4.2 1988   2.78 1935   4.96 1999  10.99 2018   7.47 2014   6.03 2017
    3.1 1921    3.0 1945    3.7 2017    5.0 1943    7.3 2014   10.0 1976   12.0 2018   11.8 2008   10.3 1999    8.4 1969    5.1 1997    4.1 1974   2.63 2016   4.80 2011  10.92 2016   7.31 2001   5.99 2002
    2.8 1990    2.9 1926    3.6 1997    4.8 2018    7.3 1964    9.9 2014   11.9 2013   11.8 1995   10.2 1958    8.4 1968    5.1 1938    3.7 1971   2.63 1998   4.78 2007  10.84 2004   7.06 2009   5.98 2011
    2.7 1983    2.9 1918    3.5 1998    4.8 2004    7.2 1998    9.9 2007   11.9 1991   11.7 2003   10.1 2011    8.3 2013    5.0 2002    3.7 1953   2.57 1975   4.72 1992  10.82 1997   7.03 1978   5.97 2004
    2.6 1932    2.6 2017    3.4 2012    4.8 1961    7.2 1952    9.9 2004   11.8 1995   11.7 1990    9.9 2005    8.2 2017    4.9 1953    3.7 1924   2.48 2014   4.62 1998  10.73 2017   6.98 1949   5.95 2007
    2.5 2008    2.6 2011    3.4 1981    4.7 1993    7.1 1992    9.8 2018   11.8 1933   11.6 2002    9.9 2000    8.2 1995    4.8 2014    3.3 2018   2.34 1925   4.55 1952  10.70 1995   6.97 2005   5.88 2005
    2.5 2005    2.5 2014    3.4 1961    4.6 2009    7.0 1970    9.8 2005   11.6 2010   11.6 1955    9.9 1998    8.0 2011    4.6 2009    3.2 1942   2.32 1923   4.54 1961  10.70 1933   6.96 1995   5.85 1999
    2.5 1975    2.5 2002    3.4 1945    4.6 1987    6.9 2018    9.8 1966   11.6 1923   11.6 1911    9.9 1980    7.9 2014    4.6 1951    3.1 1954   2.26 1990   4.54 1945  10.69 1947   6.93 1999   5.77 1998
    2.4 1944    2.4 1914    3.3 1991    4.6 1949    6.9 2011    9.7 2006   11.5 2014   11.5 2009    9.7 2014    7.6 1990    4.5 2018    3.1 1910   2.26 1943   4.51 2002  10.66 2013   6.93 1968   5.77 1997
    2.3 1974    2.3 1993    3.2 2005    4.6 1944    6.8 2016    9.7 1982   11.4 1989   11.4 2016    9.7 2004    7.6 1978    4.5 1939    3.0 1918   2.16 2017   4.48 2004  10.64 1983   6.89 1945   5.75 1990
    2.2 1996    2.2 2007    3.2 1992    4.5 1999    6.8 2002    9.7 1970   11.4 1976   11.4 2013    9.7 1941    7.6 1977    4.4 2004    2.9 2016   1.88 2005   4.45 1959  10.61 2008   6.79 2004   5.74 2018
    2.2 1923    2.2 1997    3.1 2000    4.5 1937    6.8 1960    9.7 1950   11.3 2016   11.4 2012    9.6 1961    7.6 1921    4.4 2003    2.9 2006   1.85 1972   4.42 2009  10.58 2009   6.69 1958   5.70 2016
    2.1 2014    2.2 1946    3.0 1912    4.2 2003    6.8 1953    9.6 1992   11.3 2008   11.4 1947    9.6 1956    7.4 1959    4.4 1984    2.9 1956   1.83 1949   4.40 1960  10.53 2005   6.67 2017   5.61 2000
    2.1 2002    2.2 1943    2.9 2014    4.2 1959    6.8 1947    9.6 1960   11.3 2005   11.3 1932    9.6 1945    7.3 1989    4.3 1978    2.9 1921   1.83 1932   4.35 2003  10.51 1976   6.64 1994   5.56 1949
    2.1 1976    2.2 1923    2.9 1999    4.2 1945    6.7 2003    9.5 1947   11.3 1999   11.2 2018    9.6 1936    7.3 1954    4.3 1946    2.8 2013   1.82 1976   4.31 2005  10.49 2002   6.61 1953   5.55 2009
    2.1 1938    2.1 1995    2.9 1994    4.1 1964    6.6 1919    9.4 2002   11.2 2009   11.2 2006    9.5 2009    7.3 1949    4.2 1931    2.8 2002   1.79 1957   4.30 1957  10.45 2014   6.60 1938   5.55 2003
    2.0 1925    2.0 2000    2.9 1959    4.1 1926    6.6 1918    9.3 2010   11.2 1994   11.2 1991    9.4 1946    7.1 2009    4.2 1917    2.8 1977   1.75 1921   4.29 1997  10.40 2010   6.56 2013   5.54 1945
    1.9 1969    1.9 1939    2.8 2002    3.9 2017    6.6 1911    9.3 1940   11.2 1975   11.2 1983    9.3 1929    7.1 1996    4.1 1945    2.6 1997   1.73 2012   4.23 1993  10.33 1975   6.53 1984   5.51 2015
    1.8 2016    1.8 1980    2.8 1977    3.9 2005    6.5 2009    9.2 1993   11.2 1957   11.2 1969    9.2 1981    7.0 1979    4.1 1913    2.6 1985   1.71 1988   4.20 1991  10.32 1982   6.52 1913   5.49 1989
    1.8 2012    1.8 1974    2.8 1950    3.9 2002    6.5 2007    9.2 1963   11.2 1947   11.2 1959    9.2 1978    7.0 1945    4.0 2006    2.6 1931   1.71 1974   4.20 1990  10.32 1959   6.48 1946   5.47 2008
    1.8 1999    1.8 1967    2.8 1948    3.9 1992    6.5 2006    9.2 1935   11.2 1944   11.2 1933    9.2 1970    6.8 1958    4.0 1999    2.6 1911   1.69 1999   4.20 1943  10.27 1911   6.46 2015   5.45 1994
    1.8 1993    1.8 1935    2.8 1936    3.9 1960    6.5 2004    9.1 2000   11.2 1934   11.1 2001    9.2 1951    6.7 2007    4.0 1983    2.5 1994   1.69 1995   4.16 2018  10.23 2001   6.46 1997   5.41 1995
    1.7 2004    1.8 1920    2.8 1927    3.9 1955    6.5 2001    9.1 1988   11.1 2001   11.1 1984    9.2 1939    6.7 1985    4.0 1982    2.5 1922   1.64 2008   4.16 1981  10.23 1990   6.46 1951   5.39 1953
    1.7 1949    1.7 1992    2.7 1967    3.9 1952    6.5 1989    9.1 1933   11.1 1945   11.1 1942    9.1 2010    6.7 1910    3.9 2007    2.4 1987   1.64 1916   4.16 1964  10.22 2007   6.45 2007   5.38 1983
    1.7 1937    1.7 1989    2.6 1983    3.9 1946    6.3 2000    9.0 2009   11.1 1926   11.0 1944    9.1 1985    6.6 1971    3.9 1995    2.4 1932   1.63 1911   4.15 2008  10.19 2012   6.42 2002   5.37 1988
    1.6 1998    1.7 1966    2.5 2007    3.8 1972    6.3 1981    9.0 1998   11.0 2017   11.0 1917    9.1 1968    6.6 1913    3.9 1963    2.4 1912   1.60 1937   4.15 2000  10.19 1955   6.37 1989   5.37 1938
    1.6 1988    1.7 1928    2.5 1960    3.8 1933    6.3 1976    8.9 1997   11.0 1921   10.9 1996    9.1 1966    6.5 1999    3.8 1955    2.3 2000   1.51 2002   4.11 1933  10.17 1992   6.34 2000   5.35 1959
    1.6 1973    1.4 2004    2.5 1952    3.8 1930    6.3 1959    8.9 1959   10.9 1941   10.9 1939    9.1 1953    6.5 1976    3.8 1948    2.3 1983   1.49 1950   4.04 1912  10.14 1991   6.34 1959   5.33 1921
    1.6 1957    1.4 1999    2.4 1989    3.7 1997    6.3 1940    8.9 1953   10.9 1932   10.8 2000    9.1 1947    6.5 1963    3.8 1928    2.3 1948   1.48 1993   4.00 2012  10.14 1950   6.33 2016   5.31 1957
    1.6 1935    1.4 1982    2.3 2009    3.7 1995    6.3 1937    8.8 2012   10.9 1925   10.8 1949    9.1 1933    6.5 1960    3.8 1924    2.2 1941   1.47 1913   3.98 1920  10.14 1944   6.31 1970   5.26 2001
    1.6 1930    1.4 1949    2.3 1966    3.7 1914    6.3 1933    8.8 1984   10.8 1997   10.7 1999    9.1 1926    6.4 2015    3.6 2001    2.2 1929   1.46 1948   3.84 1938  10.11 1994   6.29 2018   5.25 1943
    1.5 1950    1.4 1938    2.3 1921    3.6 1996    6.3 1925    8.8 1973   10.8 1992   10.7 1980    9.0 2017    6.4 1984    3.6 1986    2.1 2011   1.45 2004   3.82 1988  10.10 1999   6.27 1983   5.21 2013
    1.4 2018    1.4 1937    2.2 2003    3.6 1963    6.2 1990    8.8 1968   10.8 1969   10.7 1958    9.0 2002    6.4 1965    3.6 1981    2.1 1975   1.45 1967   3.79 1994  10.09 1945   6.25 1982   5.21 2012
    1.4 2000    1.3 1976    2.2 1978    3.6 1920    6.2 1965    8.8 1945   10.8 1959   10.7 1918    9.0 1989    6.4 1961    3.5 2008    2.1 1972   1.42 1914   3.70 1926  10.08 1932   6.19 1990   5.21 1992
    1.4 1971    1.2 2012    2.2 1935    3.5 2006    6.1 1988    8.8 1930   10.8 1952   10.6 2017    9.0 1973    6.3 2016    3.5 1970    2.1 1959   1.41 2000   3.68 1972  10.07 1935   6.14 1963   5.21 1948
    1.4 1943    1.2 1921    2.2 1933    3.5 1985    6.1 1986    8.8 1910   10.8 1949   10.6 2015    9.0 1969    6.3 2004    3.5 1964    2.1 1949   1.40 1920   3.68 1950  10.03 1984   6.13 1969   5.20 1934
    1.4 1924    1.2 1912    2.2 1926    3.5 1975    6.1 1954    8.7 2008   10.8 1927   10.6 1982    9.0 1955    6.3 1988    3.4 1987    2.0 2004   1.39 1912   3.67 2016  10.02 2000   6.13 1961   5.17 1971
    1.3 2006    1.1 1988    2.2 1923    3.5 1957    6.1 1922    8.7 1994   10.7 1987   10.6 1973    9.0 1930    6.3 1986    3.4 1920    2.0 1986   1.36 1973   3.66 1967  10.00 1970   6.11 1941   5.16 1961
    1.3 1994    1.1 1971    2.2 1920    3.4 1980    6.1 1920    8.7 1986   10.7 1985   10.6 1952    8.9 2013    6.3 1967    3.3 1959    2.0 1979   1.35 1922   3.65 1940   9.99 1989   6.09 1947   5.13 1976
    1.3 1967    1.1 1948    2.1 2004    3.4 1948    6.1 1912    8.7 1980   10.7 1982   10.6 1937    8.9 2008    6.3 1957    3.3 1957    2.0 1947   1.33 2003   3.64 1948   9.96 1969   6.09 1924   5.12 1975
    1.3 1926    1.1 1925    2.1 1993    3.4 1947    6.0 2012    8.7 1965   10.7 1967   10.6 1936    8.9 2001    6.3 1943    3.3 1916    2.0 1945   1.30 1946   3.63 1939   9.96 1949   6.07 1977   5.11 1933
    1.2 1948    1.0 2009    2.0 2015    3.4 1940    6.0 1991    8.7 1934   10.7 1955   10.6 1926    8.9 1983    6.2 1982    3.2 1990    1.9 1998   1.26 1992   3.62 1989   9.94 1998   6.06 1998   5.10 1967
    1.2 1928    1.0 2008    2.0 1988    3.3 2010    6.0 1945    8.7 1931   10.7 1911   10.6 1916    8.9 1967    6.2 1970    3.2 1968    1.9 1984   1.24 1971   3.59 2006   9.93 1926   6.06 1948   5.09 1926
    1.2 1927    1.0 2005    2.0 1943    3.3 1991    6.0 1917    8.6 2013   10.6 1937   10.5 1989    8.9 1948    6.2 1962    3.1 1980    1.9 1980   1.18 1944   3.57 2015   9.91 1952   5.96 1956   5.08 1911
    1.1 1934    1.0 1977    2.0 1939    3.3 1988    5.9 1993    8.6 1990   10.6 1935   10.5 1981    8.9 1917    6.2 1930    3.1 1960    1.9 1951   1.15 1926   3.54 1927   9.90 1973   5.92 1960   5.07 1982
    1.0 2017    1.0 1964    1.9 2011    3.3 1982    5.9 1973    8.6 1983   10.5 2007   10.5 1971    8.8 2007    6.1 2000    3.1 1958    1.7 1936   1.11 2006   3.54 1911   9.90 1953   5.91 1954   5.06 1939
    1.0 2013    1.0 1953    1.9 1928    3.3 1942    5.9 1969    8.6 1979   10.5 1998   10.5 1970    8.8 1984    6.1 1991    3.1 1949    1.7 1913   1.10 1939   3.50 1949   9.90 1936   5.89 1916   5.06 1913
    1.0 2003    0.9 1975    1.8 2008    3.2 1998    5.9 1931    8.6 1943   10.5 1971   10.5 1930    8.8 1913    6.1 1947    3.1 1947    1.6 1955   1.07 1961   3.46 1944   9.89 1934   5.88 1939   5.05 1991
    1.0 1913    0.9 1972    1.8 1968    3.2 1994    5.9 1924    8.6 1941   10.5 1958   10.5 1927    8.7 1997    6.1 1938    3.1 1932    1.5 2014   1.07 1927   3.43 1976   9.89 1925   5.86 1921   5.04 1960
    0.9 1981    0.9 1950    1.7 2016    3.2 1939    5.8 1978    8.6 1938   10.5 1956   10.4 2005    8.7 1988    6.1 1920    3.0 2000    1.5 2007   1.03 1954   3.43 1928   9.87 1957   5.85 1957   4.95 1984
    0.9 1972    0.9 1913    1.6 1972    3.2 1928    5.8 1956    8.6 1936   10.5 1950   10.4 1994    8.7 1934    6.1 1916    3.0 1992    1.5 1991   1.02 1938   3.42 1966   9.87 1937   5.85 1933   4.94 1993
    0.9 1920    0.9 1911    1.6 1963    3.1 2008    5.8 1913    8.6 1912   10.5 1946   10.4 1957    8.6 1996    6.0 2010    3.0 1940    1.5 1919   1.02 1930   3.42 1963   9.87 1930   5.84 2008   4.94 1974
    0.9 1911    0.9 1910    1.6 1956    3.1 1976    5.7 2015    8.5 1964   10.5 1936   10.4 1953    8.6 1995    6.0 1998    2.9 1991    1.4 1966   0.98 1980   3.41 2001   9.86 1958   5.83 1980   4.93 1935
    0.8 2015    0.8 1962    1.5 1954    3.1 1967    5.7 2005    8.5 1954   10.5 1931   10.4 1945    8.6 1982    6.0 1983    2.9 1956    1.3 2017   0.97 2015   3.40 1914   9.83 1917   5.82 1991   4.93 1920
    0.8 1968    0.8 1957    1.5 1914    3.1 1935    5.7 1995    8.5 1917   10.5 1912   10.4 1935    8.6 1976    6.0 1972    2.8 2012    1.3 2005   0.89 1981   3.40 1913   9.79 1988   5.81 1979   4.92 1932
    0.8 1953    0.7 2016    1.5 1910    3.1 1931    5.7 1972    8.4 2001   10.4 2012   10.4 1910    8.6 1971    6.0 1942    2.8 1989    1.3 2003   0.79 2001   3.36 1978   9.73 1981   5.81 1976   4.91 1978
    0.7 1992    0.7 2006    1.4 1982    3.0 2015    5.7 1950    8.4 1995   10.4 2004   10.3 2011    8.6 1938    6.0 1934    2.8 1974    1.3 1993   0.78 1994   3.35 1937   9.71 1996   5.79 1996   4.91 1977
    0.6 1964    0.7 1959    1.4 1913    3.0 2000    5.7 1939    8.4 1981   10.4 2002   10.3 2007    8.5 2018    6.0 1933    2.8 1954    1.3 1930   0.78 1928   3.35 1921   9.71 1960   5.79 1971   4.91 1930
    0.6 1962    0.7 1927    1.3 2010    3.0 1913    5.7 1936    8.4 1961   10.4 1986   10.3 1998    8.5 1992    6.0 1925    2.8 1935    1.3 1926   0.75 2018   3.33 1995   9.71 1939   5.79 1934   4.91 1914
    0.6 1915    0.7 1922    1.3 1974    3.0 1912    5.6 1997    8.4 1948   10.4 1964   10.3 1987    8.5 1991    5.9 2018    2.7 2017    1.2 1970   0.75 1984   3.33 1977   9.70 2015   5.76 1920   4.90 1944
    0.5 1995    0.6 1934    1.3 1973    2.9 2001    5.6 1985    8.4 1937   10.4 1951   10.3 1925    8.5 1924    5.9 1975    2.7 1943    1.2 1915   0.72 1924   3.33 1936   9.69 1941   5.73 1955   4.88 1966
    0.5 1939    0.5 2015    1.2 1971    2.9 1979    5.6 1971    8.4 1925   10.4 1914   10.3 1914    8.4 1987    5.9 1941    2.7 1941    1.1 2012   0.70 1960   3.30 1982   9.67 1967   5.73 1930   4.88 1964
    0.4 2011    0.5 1984    1.2 1940    2.9 1971    5.6 1943    8.4 1924   10.3 2015   10.2 2010    8.4 1942    5.9 1924    2.7 1934    1.1 1990   0.69 1966   3.27 1918   9.67 1914   5.68 1929   4.88 1924
    0.4 1970    0.4 1958    1.2 1918    2.9 1927    5.6 1916    8.4 1920   10.3 1990   10.2 1978    8.4 1935    5.9 1914    2.7 1929    1.1 1978   0.68 2013   3.25 1971   9.66 1980   5.67 1967   4.87 1980
    0.4 1960    0.4 1924    1.2 1911    2.8 1965    5.6 1910    8.4 1911   10.3 1981   10.2 1967    8.4 1921    5.8 1953    2.7 1914    1.1 1958   0.66 1983   3.24 1983   9.61 1921   5.66 1943   4.86 1946
    0.4 1951    0.3 1973    1.1 1996    2.8 1934    5.5 1974    8.3 2011   10.3 1979   10.2 1950    8.3 2003    5.8 1946    2.7 1912    1.0 1989   0.65 1933   3.24 1954   9.58 1943   5.63 2003   4.86 1937
    0.4 1922    0.3 1933    1.1 1984    2.8 1916    5.5 1932    8.3 1999   10.3 1977   10.2 1943    8.3 1977    5.8 1937    2.6 1927    1.0 1973   0.57 1953   3.23 2010   9.57 1987   5.61 1987   4.85 1970
    0.3 1914    0.3 1931    1.1 1964    2.8 1911    5.4 1983    8.3 1978   10.3 1973   10.2 1938    8.3 1959    5.7 1966    2.4 2013    1.0 1967   0.56 1918   3.23 1925   9.55 1942   5.53 2010   4.85 1950
    0.3 1912    0.2 1944    1.0 1925    2.7 1981    5.4 1961    8.3 1958   10.3 1953   10.1 1992    8.3 1950    5.7 1951    2.4 1979    1.0 1957   0.52 1931   3.22 1930   9.55 1923   5.52 1988   4.84 1958
    0.2 1954    0.2 1932    0.9 1922    2.7 1966    5.4 1934    8.3 1952   10.3 1930   10.1 1976    8.2 1964    5.7 1928    2.4 1961    1.0 1938   0.52 1919   3.19 1987   9.54 1968   5.51 1966   4.83 1973
    0.1 1936    0.1 2001    0.8 2018    2.7 1923    5.3 1994    8.3 1914   10.2 1996   10.1 1968    8.2 1916    5.7 1927    2.4 1933    0.9 1943   0.51 1997   3.19 1946   9.54 1966   5.46 1936   4.82 1968
    0.0 2009    0.1 1915    0.8 2006    2.6 1968    5.3 1966    8.3 1913   10.2 1988   10.1 1915    8.1 2012    5.6 1997    2.3 1977    0.8 1999   0.50 1915   3.17 1985   9.53 1964   5.46 1928   4.82 1954
    0.0 1966    0.0 2003    0.8 2001    2.6 1915    5.3 1930    8.2 2015   10.2 1984   10.0 1988    8.1 1960    5.6 1994    2.3 1976    0.8 1920   0.48 1964   3.16 1935   9.53 1948   5.42 1981   4.78 1947
    0.0 1961    0.0 1965    0.8 1986    2.5 2016    5.2 2013    8.2 1955   10.2 1948   10.0 1961    8.0 1994    5.6 1950    2.3 1975    0.7 1944   0.45 1978   3.13 1953   9.51 1940   5.42 1962   4.76 1936
    0.0 1931    0.0 1916    0.8 1976    2.5 2012    5.2 2010    8.2 1949   10.2 1939   10.0 1948    8.0 1979    5.6 1948    2.2 2005    0.7 1940   0.41 1934   3.12 1973   9.51 1938   5.42 1914   4.75 1928
   -0.1 2001   -0.1 2013    0.8 1975    2.5 1990    5.2 1982    8.1 1996   10.1 2000    9.9 2014    8.0 1963    5.6 1923    2.2 1998    0.7 1914   0.39 2009   3.12 1910   9.51 1931   5.41 1935   4.72 1918
   -0.1 1991   -0.1 1951    0.8 1949    2.5 1977    5.2 1958    8.1 1967   10.0 1993    9.9 1928    8.0 1962    5.5 1940    2.2 1972    0.5 1992   0.32 1958   3.11 1974   9.49 1971   5.37 1927   4.70 1996
   -0.1 1986   -0.2 1987    0.8 1946    2.5 1974    5.2 1944    8.1 1944   10.0 1928    9.9 1921    8.0 1937    5.4 1956    2.2 1922    0.5 1982   0.17 1952   3.11 1965   9.48 1910   5.35 1975   4.70 1927
   -0.1 1956   -0.3 1994    0.7 1995    2.5 1962    5.2 1929    8.0 1989   10.0 1917    9.9 1919    8.0 1932    5.3 2002    2.2 1911    0.5 1965   0.15 1996   3.08 1947   9.45 1979   5.35 1942   4.69 1912
   -0.1 1919   -0.3 1981    0.7 1980    2.5 1950    5.2 1928    8.0 1974    9.9 1960    9.8 1985    7.9 1975    5.1 2008    2.1 1971    0.4 1939   0.11 1945   3.02 1980   9.43 2011   5.33 1964   4.68 1951
   -0.2 1965   -0.3 1952    0.7 1915    2.5 1921    5.2 1921    8.0 1957    9.9 1943    9.8 1977    7.9 1957    5.1 1944    2.1 1944    0.4 1923   0.08 1968   3.02 1923   9.39 1993   5.33 1917   4.66 1981
   -0.2 1946   -0.5 1960    0.6 1953    2.4 1958    5.1 1967    8.0 1939    9.8 1974    9.8 1951    7.9 1943    5.1 1935    2.1 1926    0.3 1968   0.03 1955   2.94 1968   9.36 1961   5.30 1986   4.66 1972
   -0.2 1918   -0.5 1940    0.6 1944    2.3 1984    5.1 1963    8.0 1932    9.8 1972    9.8 1929    7.9 1915    5.1 1918    2.0 1962    0.3 1960   0.01 1987   2.94 1942   9.36 1927   5.30 1985   4.66 1969
   -0.3 1978   -0.6 2018    0.6 1942    2.3 1938    5.1 1962    8.0 1926    9.8 1970    9.7 1964    7.8 1965    5.0 1987    2.0 1936    0.3 1928   0.01 1962   2.93 1956   9.35 1963   5.27 1950   4.66 1916
   -0.3 1910   -0.7 1941    0.6 1930    2.3 1925    5.1 1949    8.0 1919    9.8 1942    9.7 1960    7.8 1927    5.0 1929    2.0 1930    0.2 2008  -0.01 1969   2.89 1975   9.34 1978   5.23 2012   4.65 1987
   -0.4 1958   -0.9 1985    0.4 1985    2.3 1919    5.1 1914    7.9 1969    9.8 1929    9.7 1954    7.8 1920    4.9 1936    1.9 1973    0.2 1969  -0.15 1959   2.86 1934   9.30 1951   5.22 1937   4.65 1910
   -0.5 1997   -0.9 1954    0.4 1979    2.2 2013    5.0 1980    7.9 1921    9.8 1924    9.7 1940    7.8 1911    4.8 2012    1.9 1950    0.0 2001  -0.16 1965   2.85 1970   9.29 1985   5.21 1973   4.63 1931
   -0.5 1984   -0.9 1936    0.4 1934    2.2 1954    5.0 1938    7.8 1975    9.8 1916    9.7 1934    7.7 2015    4.8 1952    1.9 1937    0.0 1996  -0.18 1970   2.81 1996   9.22 1986   5.20 1931   4.61 1925
   -0.6 1977   -0.9 1930    0.4 1932    2.2 1910    4.9 1987    7.7 1987    9.7 2011    9.6 1974    7.7 1990    4.8 1911    1.8 1967    0.0 1952  -0.19 1991   2.79 1931   9.22 1924   5.16 1940   4.60 1923
   -0.7 1955   -1.0 1996    0.3 1965    2.1 1978    4.9 1946    7.7 1956    9.7 1968    9.6 1941    7.7 1910    4.7 1973    1.7 2016   -0.2 1963  -0.23 1986   2.74 1986   9.21 1954   5.16 1932   4.50 1952
   -0.7 1947   -1.1 2010    0.3 1941    2.1 1973    4.9 1942    7.7 1946    9.7 1961    9.6 1923    7.6 1993    4.7 1915    1.7 1966   -0.3 1964  -0.29 1977   2.72 1919   9.16 1946   5.01 1965   4.47 1955
   -0.7 1917   -1.2 1970    0.3 1929    2.0 1969    4.9 1927    7.7 1942    9.7 1938    9.5 1979    7.6 1914    4.6 1980    1.6 1996   -0.3 1946  -0.36 1936   2.69 1916   9.16 1918   4.97 1992   4.44 1956
   -0.8 1982   -1.4 1983    0.2 1987    2.0 1918    4.8 1926    7.7 1922    9.6 1978    9.5 1963    7.5 1954    4.5 1955    1.6 1988   -0.3 1937  -0.45 1951   2.61 1932   9.15 1974   4.96 1911   4.41 1985
   -0.9 1980   -1.4 1978    0.1 1951    1.9 1989    4.7 1977    7.6 1962    9.6 1966    9.4 1972    7.3 1919    4.4 1932    1.6 1942   -0.3 1935  -0.46 2011   2.59 1984   9.11 1977   4.94 1972   4.41 1942
   -0.9 1933   -1.6 1919   -0.2 1916    1.9 1970    4.7 1957    7.6 1951    9.6 1918    9.4 1965    7.2 1974    4.4 1931    1.6 1918   -0.4 1933  -0.46 1985   2.57 1979   9.09 1912   4.86 1926   4.41 1941
   -1.1 1952   -1.7 1991   -0.4 1970    1.9 1953    4.7 1948    7.6 1915    9.5 1980    9.4 1962    7.2 1944    4.3 2003    1.5 2010   -0.5 1927  -0.50 1956   2.55 1915   9.05 1916   4.82 1944   4.33 1965
   -1.4 1929   -1.7 1968   -0.4 1969    1.9 1941    4.6 1951    7.4 1971    9.5 1940    9.4 1924    7.2 1922    4.3 1964    1.5 1921   -0.6 1925  -0.63 1942   2.53 1969   9.05 1913   4.73 1910   4.26 1940
   -1.6 1942   -1.9 1979   -0.5 1958    1.9 1932    4.4 1984    7.4 1929    9.5 1913    9.4 1913    7.1 1931    4.1 1993    1.3 1993   -0.7 2009  -0.79 1941   2.47 1922   9.03 1929   4.69 1974   4.24 2010
   -1.7 2010   -2.0 1917   -0.6 1931    1.9 1924    4.4 1979    7.4 1923    9.4 1963    9.3 1931    7.1 1923    4.1 1922    1.0 1969   -0.7 1916  -0.88 1982   2.38 1958   9.03 1928   4.52 1918   4.23 1986
   -1.8 1987   -2.3 1929   -0.7 2013    1.7 1983    4.4 1975    7.3 1985    9.4 1962    9.2 1966    7.0 1940    4.0 1974    0.8 1965   -0.8 1995  -1.06 1929   2.36 1955   9.03 1915   4.49 1922   4.20 1979
   -2.1 1959   -2.5 1969   -0.7 1937    1.6 1951    4.4 1968    7.2 1991    9.4 1954    9.2 1946    6.9 1928    4.0 1939    0.8 1952   -0.8 1917  -1.08 1917   2.35 1929   8.98 1965   4.41 1925   4.18 1929
   -2.4 1985   -2.6 1955   -0.7 1919    1.5 1936    4.4 1915    7.1 1977    9.3 1920    9.0 1993    6.8 1918    3.6 1981    0.4 1925   -0.9 1962  -1.18 2010   2.32 1924   8.91 1956   4.33 1993   4.12 1922
   -2.4 1941   -2.7 1942   -0.9 1924    1.5 1929    4.3 1955    7.1 1928    9.3 1915    8.6 1986    6.7 1925    3.5 1912    0.1 1985   -1.1 1976  -1.40 1940   2.26 2013   8.85 1919   4.24 1912   4.10 1962
   -3.1 1945   -3.3 1956   -0.9 1917    1.3 1986    4.2 1935    7.1 1918    9.3 1910    8.6 1920    6.6 1972    3.4 1992   -0.2 1923   -1.3 1961  -1.46 1979   2.12 1951   8.80 1962   4.18 1923   4.07 1915
   -3.6 1979   -3.6 1986   -1.0 1947    1.3 1956    4.1 1923    6.7 1972    8.8 1965    8.5 1956    6.5 1912    3.4 1926   -0.3 1910   -1.7 1950  -1.65 1947   2.04 1941   8.78 1920   3.97 1915   4.05 1963
   -4.1 1940   -4.0 1963   -1.1 1955    0.4 1922    3.9 1941    6.7 1927    8.6 1919    8.5 1922    6.2 1952    3.3 1919   -0.5 1919   -3.0 1981  -3.07 1963   1.95 1962   8.66 1972   3.96 1952   3.99 1917
   -4.4 1963   -4.2 1947   -1.7 1962    0.3 1917    3.8 1996    6.7 1916    8.5 1922    8.2 1912    6.0 1986    2.9 1917   -0.7 1915   -4.1 2010               1.83 1917   8.24 1922   3.40 1919   3.76 1919
